3622 3055
3825 3431
3785 3206
7198 3600
3727 2930
3928 2541
3680 3363
3741 3084
3610 3110
3826 2735
3660 2583
3909 3425
3736 3098
3958 2870
3692 2998
3884 3370
3679 2895
3726 2877
3716 3417
3780 3146
3559 3058
3587 3194
3652 2675
3731 3382
3798 3306
3792 2797
3584 3295
3970 3074
3578 3419
3987 3396
3617 3461
3774 2939
3808 2686
3719 3392
3912 3133
3836 2828
3609 3158
3687 2968
3539 3492
3594 3022
3972 3161
3592 2695
3649 3159
3978 2952
3582 2571
3748 2896
3955 2623
3931 3352
3501 2525
3567 2659
3732 3237
3890 3008
3751 3016
3966 3077
3981 2653
3627 2847
3644 3344
3637 3037
3893 2505
3555 2801
3870 3271
3684 2605
3678 2993
3621 2514
3523 2788
3615 2594
3747 2814
3841 3313
3702 3358
3662 2920
3783 3314
3569 3063
3902 3082
3576 3272
3664 2772
3643 3080
3822 3298
3767 3377
3961 3106
3690 3176
3630 3171
3554 3143
3542 2996
7200 3601
3502 2980
3525 3369
3577 2654
3595 2716
3796 2516
3842 2741
3769 3056
3875 2739
3965 3326
3541 2642
3929 2794
3880 2805
3607 3390
3761 3258
3682 3073
3908 3242
3725 3380
3599 3291
3834 3252
3990 3089
3934 3289
3957 3220
3549 2819
3904 3491
3544 2994
3700 2984
3789 2928
3754 3009
3889 2656
3670 3361
3518 3128
3815 3170
3707 2755
3840 3457
3714 2766
3762 2558
3503 3090
3799 2692
3873 2886
3557 3189
3715 2826
3713 3334
3804 2950
3860 3453
3568 2798
3803 2937
3517 3433
3583 3200
3845 3273
3620 2775
3851 3455
3580 2595
3733 3436
3894 3304
3906 3321
3618 3027
3911 3374
3765 2712
3693 2787
3852 3388
3984 2670
3811 3007
3869 2874
3797 2581
3918 2668
3667 2710
3942 3379
3613 2989
3945 2566
3759 2517
3560 2576
3847 2709
3809 3215
3723 3165
3999 3121
3602 3348
3764 2969
3924 3066
3819 2687
3585 2509
3704 2943
3941 3292
3858 2574
3793 2643
3593 2629
3994 3180
3779 2773
3608 2738
3795 3308
3967 3266
3913 2550
3579 3286
3878 3118
3522 2524
3891 2596
3914 2586
3850 3345
3631 2812
3537 2663
3681 2924
3647 3489
3671 3078
3655 2582
3616 3140
3871 2556
3565 3349
3573 3428
3742 2929
3527 2854
3831 2765
3988 3394
3700 3702
3575 2533
3956 2882
3756 2784
3872 2800
3892 3049
3778 2804
3816 3462
3735 3490
3910 2777
3896 3044
3700 3700
3802 3401
3907 3279
3927 2551
3528 2782
3776 3478
3828 2872
3814 2873
3833 2869
3665 3360
3535 2610
3564 2914
3506 2834
3784 3013
3531 2526
3552 3115
3526 3039
3695 2833
3932 2553
3591 2865
3818 2633
3813 3111
3724 2539
3900 2990
3750 3265
3843 3088
3685 3155
3969 3412
3645 2732
3562 2699
3563 3191
3887 3132
3612 3137
3639 2791
3920 2522
3817 3164
3507 3471
3874 2719
3886 2737
3708 3442
3861 3487
3588 3253
3939 2815
3775 2587
3543 2555
3642 3281
3603 3378
3938 2961
3657 3190
3509 2910
3589 3031
3824 3249
3730 2850
3717 3225
3898 3354
3781 2619
3857 3179
3683 2889
3532 2848
3551 2740
3876 2705
3648 3299
3800 3015
3538 2634
7202 3602
3810 2604
3856 2622
3807 2584
3556 2508
3749 3028
3553 3448
3849 2718
3772 2973
3951 2817
3688 3188
3830 3400
3626 2845
3672 3024
3737 2936
3974 3011
3948 2680
3646 2513
3975 3222
3590 2500
3953 2901
3950 3480
3536 3393
3634 2868
3601 2851
3922 3260
3979 2664
3777 2997
3596 2688
3905 3100
3835 2528
3745 2578
3940 3108
3829 3443
3791 2662
3530 3317
3821 3060
3510 2957
3625 3123
3788 3460
3915 2667
3881 2965
3755 2858
3973 2917
3712 2601
3960 3368
3897 2671
3661 2616
3839 3287
3862 2745
3628 2602
3963 3043
3946 2898
3623 2987
3753 3318
3668 3389
3521 2580
3855 3403
3505 3493
3962 2518
3989 2727
3548 2698
3706 2573
3696 2715
3721 2635
3611 3233
3701 2915
3976 1989
3982 3229
3520 2627
3991 2820
3508 2885
3812 2855
3519 2795
3888 2679
3677 2938
3883 3103
3659 3131
3743 3119
3674 2860
3504 2693
3926 2972
3782 3447
3868 2949
3711 2591
3944 2940
3786 3240
3787 3187
3954 3168
3925 2743
3614 2575
3976 3421
3823 3463
3738 2757
3656 2780
3993 3284
3574 2861
3917 2776
3561 3101
3882 3154
3865 2953
3597 2975
3728 2970
3919 3019
3997 3296
3980 2563
3605 3001
3947 3226
3722 2774
3606 3149
3533 2660
3515 3437
4000 3427
3763 2684
3899 2636
3790 3343
3586 2806
3838 2979
3641 3048
10 10
3866 3036
3700 3701
3703 2909
3837 2615
3983 3127
3923 3479
3534 2758
3846 2512
3546 3276
3566 2701
3985 3331
3801 2748
3697 3192
3718 2995
3758 3269
3770 2621
3650 3175
3986 2540
3885 3337
3675 3466
3740 3151
3512 3020
3752 2728
3848 3385
3571 2779
3936 2657
3514 3030
3820 2527
3654 3148
3952 3307
3686 3439
3638 3075
3901 2764
3757 2717
3624 2577
3658 2911
3859 3485
3959 2588
3516 2620
3619 2752
3734 3475
3916 2923
3513 2837
3666 3067
3529 3000
3996 2742
3524 2823
3968 3316
3640 2503
3746 3339
3673 3405
3863 2942
3739 2669
3547 2933
3877 2618
3629 3109
3744 3244
3971 2714
3604 3120
3635 3081
3854 2864
3699 2821
3943 2986
3676 3268
3992 2734
3694 2569
3903 2749
3689 3366
3832 2510
3935 3254
3853 2682
3760 3087
3570 3139
3636 2888
3705 3236
3653 3411
3691 2652
3600 2648
3545 2959
3709 3053
3895 3415
3805 3336
3771 3309
3806 2632
3867 2884
3550 2999
3879 3245
3729 2579
3768 2824
3632 2767
3937 3014
3633 3500
3864 3156
3572 2971
3995 2827
3558 2547
3669 2878
3844 2991
3933 2661
3930 3097
3540 2906
3581 2631
3977 3315
3651 2726
3998 2641
3964 2589
3598 2731
3663 2557
3949 2813
3511 2548
3698 3029
3773 2905
