27108641
27451594
27740409
27912215
27532240
27421434
27258314
27140475
27157668
27569468
27053393
27424582
27226715
27202888
27465154
27671911
27883679
27325951
27052758
27364768
27949361
27822181
27357042
27890156
27165367
27022773
27942330
27714725
27231317
27179511
27589481
27872471
27696424
27980493
27868345
27817196
27738052
27657083
27404629
27376073
27147274
27993977
27444186
27552177
27558781
27223198
27180683
27946733
27943488
27932171
27676859
27224237
27262299
27571169
27795612
27101565
27287111
27723338
27490775
27667025
27634209
27454466
27669465
27750010
27895572
27266594
27824419
27392589
27488954
27559127
27092211
27772237
27820446
27930492
27414569
27446083
27397512
27448181
27982498
27055134
27129456
27313028
27465277
27721684
27555325
27137952
27779063
27256881
27450155
27560537
27896627
27913584
27553084
27082092
27106098
27409562
27862330
27303446
27044431
27991624
27894402
27382588
27337974
27013043
27687354
27290149
27248455
27074309
27983728
27320249
27304339
27278859
27682838
27431337
27152075
27146429
27502309
27059708
27304125
27388631
27093852
27432466
27432292
27868870
27525238
27708875
27396205
27574742
27287401
27907131
27048864
27356658
27041510
27195182
27748866
27405518
27314301
27590350
27929312
27743175
27435356
27132795
27904736
27681188
27725445
27224822
27681454
27156522
27751705
27671490
27527275
27383886
27109641
27662782
27580467
27484603
27392556
27319382
27310717
27052750
27056261
27530139
27088405
27638309
27849695
27006002
27137572
27129582
27084825
27634685
27065637
27406652
27766200
27191452
27979136
27320302
27771572
27285140
27713098
27224384
27516284
27209583
27011773
27117394
27508675
27111697
27779888
27166129
27618018
27947943
27179260
27142020
27751880
27326261
27522335
27930866
27421267
27450770
27042378
27493080
27523472
27714593
27523843
27392595
27265874
27190864
27061722
27344580
27161024
27286154
27454601
27230296
27844466
27996113
27218170
27505686
27840778
27245692
27496653
27813427
27550378
27578650
27321341
27189390
27034579
27500824
27085081
27769038
27990624
27570150
27888125
27152075
27469955
27925867
27032152
27881349
27792169
27771954
27218731
27827864
27129678
27029670
27934805
27445696
27634759
27867304
27868915
27117131
27583380
27640411
27664419
27279297
27619974
27010270
27909195
27691630
27182839
27288556
27854275
27560817
27884528
27624957
27193287
27719869
27470040
27859511
27480579
27013590
27609100
27671803
27932503
27882429
27483245
27927267
27229647
27865599
27760702
27650575
27611806
27071021
27866060
27694696
27195745
27385275
27816613
27281012
27442493
27877830
27889321
27295538
27281889
27836407
27895614
27797166
27688777
27087460
27270739
27472256
27617608
27060737
27980522
27697091
27370136
27960233
27932874
27688828
27265766
27688894
27714344
27349773
27478226
27281530
27098360
27458101
27530800
27942557
27645080
27831165
27827858
27248037
27092958
27843722
27348753
27968350
27715500
27890184
27822268
27040756
27495152
27093864
27724421
27021087
27389073
27591485
27621921
27170665
27137292
27448386
27465317
27764889
27548769
27283601
27291040
27101526
27319249
27889091
27251820
27996258
27068844
27772757
27181546
27526765
27532632
27155533
27021514
27568943
27141154
27681464
27885193
27118832
27744302
27753610
27498435
27529082
27153924
27393508
27942445
27758749
27832894
27752496
27169943
27196267
27631005
27462145
27881161
27734996
27655488
27423683
27620382
27113838
27195979
27118951
27967728
27774385
27685179
27852248
27485489
27857848
27461488
27892648
27634764
27058899
27363629
27215765
27753961
27250227
27503622
27510008
27217919
27181497
27419662
27000790
27955291
27938289
27728530
27857784
27868748
27781302
27828603
27618934
27370028
27468933
27295050
27775484
27022622
27911253
27386312
27820730
27594578
27864297
27848256
27111979
27516975
27666402
27214639
27670125
27978674
27136331
27629718
27975455
27615525
27610918
27280128
27382981
27879616
27440468
27978526
27189370
27145708
27435803
27457665
27705893
27501787
27106939
27207798
27272057
27635079
27344478
27316050
27667405
27775387
27558881
27780357
27301317
27689308
27607193
27279712
27764657
27958079
27195331
27686941
27245670
27328737
27302817
27616313
27952779
27401997
27015383
27958871
27674390
27609615
27917667
27173129
27577446
27794105
27161054
27168521
27871562
27908692
27712576
27978695
27684117
27447258
27547869
27402971
27873872
27438865
27750436
27155932
27311906
27956254
27595966
27939418
27505586
27136966
27485460
27895004
27154265
27598535
27000508
