5542
3533
2431
5260
2557
1147
7069
6975
7994
7210
3435
4626
6608
6081
9541
7907
7146
5076
8654
9567
8221
9935
6369
5155
3912
8296
1317
1862
8976
7355
7083
7007
9650
9138
5966
1949
3142
3885
3686
9909
6714
2142
9974
4536
1301
8646
7386
4326
1966
5869
1897
1269
7941
6779
7966
7329
4718
7199
6560
9656
7919
9021
4502
6060
9541
6879
7792
7658
5468
3513
6372
5067
8718
9547
4041
7322
8848
2185
8066
5189
9731
7918
6782
3691
5094
6494
3137
4213
9811
2463
8922
6301
4246
3684
2648
2048
2403
8202
5479
6648
8575
8677
9545
7825
4164
7189
9322
8649
7087
1210
4180
8817
5693
3055
5670
4749
7456
7149
5423
7599
4798
9530
5670
2147
1048
9921
8448
8646
7866
2127
4353
6823
7255
7689
1173
9741
7672
5005
8287
6488
6033
2365
9407
6335
8196
2296
3219
3341
8175
2747
5400
1344
6918
9400
4218
8328
9292
1491
6786
6052
5088
3859
1773
3663
8165
7102
1738
8298
1005
4080
5379
2886
1744
1073
4401
6222
1378
6012
1615
6388
6840
4953
3375
7547
2647
3671
6932
6920
6899
9351
9133
8947
2829
8295
2537
7618
8437
9556
3608
7049
