1000 2716 1004 1003
1006 1005 1001 9882
1000 1002 1005 1001
1006 1007 1007 6194
5612 1002 1006 1000
1009 1000 1003 1008
1006 1001 1004 1004
1000 1002 8065 1005
1002 1003 1009 1009
1005 1002 1003 1006
6468 1003 4742 1006
1005 1006 1002 1002
1008 1004 1003 1007
1001 1003 1006 1005
3252 1007 1002 1002
1004 1007 1009 1003
1000 1009 1002 1004
1008 1001 1009 1009
1009 1009 1007 2859
1001 1006 1009 1002
1000 1005 1006 1006
1001 2512 1006 1005
1005 1006 1005 1001
1002 1002 1003 1002
6506 1003 1003 1000
1009 1003 1004 1006
1004 1002 1007 1008
1004 1009 1001 1003
1005 1005 1006 1002
1000 1006 1003 1002
1009 1007 1000 1008
1009 1003 4766 1004
1002 1004 1000 1006
1005 3543 1009 1009
1005 1003 1001 1006
1008 1002 1009 1000
1009 7057 1002 1004
1002 1007 1007 1008
1009 1009 1006 1004
1003 1001 1009 1003
1000 1007 1007 1002
1002 1003 1007 4340
1008 1000 1009 1000
1000 1007 1003 1009
1000 2967 8366 4530
1001 1001 1007 1003
1009 1002 1006 1008
1009 1008 1004 1001
8750 1000 1000 1005
1001 9134 1002 1000
