54 19 95 90
37 82 55 21
73 15 22 59
93 31 99 52
49 57 96 36
84 24 33 66
68 46 29 83
83 43 30 62
22 33 69 23
81 97 59 49
30 12 45 65
25 41 83 24
81 76 17 36
16 35 42 14
53 37 58 53
15 52 26 74
10 39 82 67
53 51 58 95
55 23 16 22
47 34 83 62
38 24 78 71
34 60 94 65
45 50 70 87
75 61 97 40
88 93 34 51
41 27 31 29
77 27 86 98
89 24 71 47
59 67 86 84
26 19 10 78
67 48 50 29
72 86 74 96
12 61 70 85
68 40 44 79
60 36 43 79
30 69 78 38
50 64 26 69
51 96 38 39
44 89 32 14
74 18 32 36
11 61 60 72
95 97 59 33
17 26 95 92
16 15 17 35
27 64 67 70
42 90 47 79
55 58 23 39
51 80 75 74
18 29 20 98
10 57 98 49
91 50 61 40
38 11 93 35
40 44 43 69
35 34 27 78
97 53 13 10
94 28 37 25
99 25 87 18
38 14 94 47
73 20 77 11
43 68 63 99
91 55 88 73
30 87 98 26
19 66 54 28
77 85 13 21
88 43 33 58
31 41 46 65
91 56 85 33
42 21 37 48
76 17 16 42
14 56 31 56
18 73 92 21
23 56 87 72
32 41 22 66
35 15 70 16
34 46 62 84
12 44 86 94
27 64 80 28
41 79 37 88
39 36 81 75
42 30 64 54
96 46 29 31
71 81 76 11
13 92 12 24
80 77 66 54
48 80 76 45
68 89 57 49
15 99 63 52
19 85 22 32
92 57 20 14
52 20 21 93
72 89 28 11
13 62 39 75
23 28 63 82
48 17 13 90
65 44 46 60
45 32 90 19
20 25 12 63
40 84 18 25
91 82 45 71
