151895
147976
151376
144253
114069
188542
110636
108256
115140
103616
103330
145637
149656
126405
130366
124200
190889
172295
184450
104976
167983
105383
118764
120150
138570
169743
193036
101220
154348
166142
121255
124515
173257
127770
187689
110552
113527
158074
143351
111769
164515
163000
192708
170690
112214
159099
170152
168492
121654
117680
174368
191255
140190
117342
144750
106822
121604
188832
153436
186466
180927
149395
117607
105974
144269
196211
137019
173370
104505
189416
172806
101652
140277
195300
148724
152134
176017
136639
176623
137152
159965
172427
111632
155151
134795
158267
175934
180048
183157
158790
175331
105841
193379
107348
141358
160370
113321
101382
177535
103384
