1985
1660
1537
1906
1316
1787
1145
1504
1361
1131
1752
1270
1544
1710
1221
1471
1470
1682
1324
1007
1796
1827
1981
1443
1605
1265
1585
1831
1761
1195
1535
1024
1352
1910
1362
1651
1876
1463
1759
1495
1652
1103
1829
1020
1866
1001
1616
1895
1339
1893
1260
1107
1373
1927
1240
1319
1381
1786
1760
1254
1605
1021
1786
1192
1948
1040
1832
1686
1737
1583
1093
1032
1546
1962
1681
1554
1600
1307
1796
1933
1942
1581
1495
1637
1210
1092
1006
1415
1508
1820
1785
1459
1441
1167
1439
1957
1079
1783
1625
1820
